Energy Loss	Intensity	Intensity	Intensity	Intensity	Intensity	Intensity	Intensity	Intensity	Intensity	Intensity
-0.9976	256.7386	1345.6958	712.9456	425.1288	991.7219	351.9982	1069.9051	682.418	781.0029	1166.0887
-0.9888	166.8359	1084.9198	329.9978	1494.3718	639.4913	0	762.3806	575.9012	672.0623	1185.1905
-0.98	1136.8385	1021.9763	471.8399	1801.7886	951.8834	0	346.5957	570.9374	0	1020.1974
-0.9712	1254.8521	769.849	174.5106	1230.7432	746.4025	378.8063	429.929	371.6308	835.2566	24.0661
-0.9624	992.3883	879.9956	1668.0578	453.4641	389.8022	893.6322	1022.0964	148.2693	876.4762	443.134
-0.9536	650.833	2372.3087	974.0371	686.157	945.3808	689.6924	433.7821	1123.4999	1062.254	1089.1873
-0.9448	556.7619	2170.0441	808.9294	1116.0364	549.1026	0	515.0218	1195.5089	1645.8835	1547.5827
-0.936	249.2219	1025.0146	1125.8036	1342.4237	1177.8662	274.6711	981.5156	887.3917	1188.0803	569.6528
-0.9272	889.1531	579.8559	626.7292	992.3928	1040.4428	384.3899	539.7058	1291.6664	1561.0953	1077.8426
-0.9184	350.0061	866.5313	497.6428	573.5834	1259.7992	0	1514.3539	637.061	1542.795	871.9722
-0.9096	0	496.6167	133.0543	532.4595	635.6193	375.6145	1376.7334	1522.9465	937.3067	1302.0976
-0.9007	569.2032	648.432	660.9789	1579.8726	0	1394.5787	876.4472	1195.5436	814.9783	1446.617
-0.8919	895.5129	757.7101	163.9181	363.9859	224.455	1340.3553	1005.729	667.8388	890.4512	1515.502
-0.8831	1183.1475	1076.9819	399.8985	523.2016	987.8296	614.7387	651.2762	1454.6519	244.6331	1550.9136
-0.8743	1714.9298	1388.6958	672.6457	797.3398	666.4502	1543.9568	1238.8774	836.4978	1271.4954	927.0568
-0.8655	1305.6995	767.5511	0	137.6695	415.0476	1775.9391	1291.1656	429.4303	751.7981	843.787
-0.8567	1124.9896	977.9147	0	363.1453	656.4823	1500.1343	186.1267	1422.9639	45.3602	1830.2203
-0.8479	134.358	865.1519	138.7981	746.3397	987.9847	778.5861	548.4876	801.2474	391.5226	1255.144
-0.8391	1018.5293	823.6422	444.6922	873.3001	492.8304	854.6254	917.4635	66.5385	733.0564	442.5739
-0.8303	861.6514	1329.2908	1026.3554	760.5729	715.9709	1079.4137	247.7441	477.1295	758.3919	350.6412
-0.8215	1440.7415	595.5607	357.7097	835.7341	414.8228	1295.8614	385.5632	815.5239	828.2282	0
-0.8127	995.9511	229.1618	692.1466	271.9732	861.2413	1296.088	917.8295	1254.589	959.5394	441.7128
-0.8039	225.7839	898.2374	1205.8159	116.1493	1375.9208	1013.6264	719.3038	271.4152	976.3775	410.9295
-0.7951	812.6053	450.5825	751.4997	0	1233.0072	1202.4646	261.5917	811.0874	842.8144	270.2069
-0.7863	575.3608	584.8247	636.4045	0	724.5659	600.8425	1205.306	772.8452	746.329	688.6089
-0.7775	1236.6422	391.7998	972.542	780.461	311.606	1601.7216	800.9597	435.0496	1065.7261	1067.9602
-0.7687	1453.715	590.9881	1185.8977	903.2127	815.2406	1692.5087	823.4465	346.2911	1040.7527	1294.7065
-0.7599	1893.4626	889.4095	2049.2861	1585.5267	653.9287	1107.1953	676.9807	0	668.3811	2081.9852
-0.7511	1058.714	793.6529	3798.9074	729.9904	911.3805	314.0662	892.8378	409.9366	158.1596	1019.4613
-0.7423	616.3608	877.0879	1865.0787	1451.8261	917.4721	45.2593	43.6727	1368.4549	0	1087.779
-0.7335	864.8611	874.7925	1921.7091	411.2412	849.3055	280.4838	625.1871	1039.2192	612.0204	887.3324
-0.7247	651.8336	1122.7277	1775.762	0	1059.8571	1753.8459	1011.0127	750.1653	61.9601	146.4662
-0.7159	257.733	1354.4858	1249.2917	604.5955	2970.4621	1952.1122	920.8527	1334.2997	336.0464	230.1068
-0.7071	0	990.7962	2060.1124	1353.0189	5264.6748	671.5787	518.2439	1618.883	453.5507	311.2004
-0.6983	113.6111	599.3257	1197.457	747.1243	2559.6456	858.9404	1195.8571	1229.7978	503.3893	398.6025
-0.6895	1305.6133	61.2492	963.5902	1731.6232	1021.2547	1912.9277	1178.5709	1105.3107	1074.0122	903.4222
-0.6807	1168.1151	163.6335	1101.1204	1917.501	670.3988	1505.4697	1305.8722	1131.8207	763.219	639.3381
-0.6719	1339.866	396.815	107.0818	1756.7909	222.0922	1277.6272	1333.8999	1283.5594	1007.6063	348.0149
-0.6631	1032.6807	727.6407	952.0488	664.9979	76.2627	1423.6733	900.0137	1744.1952	508.7627	1037.1544
-0.6543	967.1379	576.3551	528.7612	1026.9672	240.017	1513.9064	937.3365	1394.0462	709.4365	1641.1588
-0.6455	588.1373	753.8374	0	966.043	811.9197	1708.6389	1184.343	1751.2403	1064.4427	1428.0268
-0.6367	347.9687	1129.1859	360.5423	711.1222	792.3808	1128.3802	1387.2265	1514.9801	924.4065	1033.57
-0.6279	872.0496	482.7949	415.7726	0	467.1584	1595.2027	1032.0071	1142.5871	667.0382	1468.0993
-0.6191	1226.1908	1345.0685	1010.6054	1156.6391	74.5178	1094.5226	653.2539	248.8784	1362.9985	1209.6897
-0.6103	742.7964	1977.9704	951.7735	628.1461	0	98.5099	1164.2475	377.1908	885.9403	1040.074
-0.6015	333.3643	1346.5082	1026.951	1009.5664	184.0859	447.5886	617.6333	253.348	841.4535	1044.5032
-0.5927	741.7854	861.6711	497.1507	1166.2766	286.3878	503.5812	1196.69	902.7374	1470.9125	1091.0341
-0.5839	366.5269	702.1795	804.4598	945.6227	1239.9918	0	1055.4996	767.2779	1047.4105	753.7016
-0.575	0	669.8493	253.5912	838.0763	305.4943	436.1706	697.6254	29.5988	480.664	525.9685
-0.5662	0	364.7177	894.4219	944.5474	145.8977	753.3193	762.3597	174.6655	578.7933	551.7808
-0.5574	808.0562	349.1542	41.8466	550.1677	817.2338	634.0344	1028.5372	456.9561	0	148.9978
-0.5486	349.9295	416.4342	306.5834	567.8157	1124.375	404.8458	778.5023	206.4585	306.4765	95.7972
-0.5398	109.1338	1515.116	423.2617	813.3093	1462.8129	542.5075	812.9028	66.9708	782.3845	0
-0.531	208.4649	1462.9639	677.4424	459.4157	718.41	833.9234	1411.6127	462.2345	1048.0367	0
-0.5222	0	1127.5343	1245.5526	1417.853	0	1614.0501	1024.8009	0	947.2667	386.3233
-0.5134	71.8246	2078.4008	1127.9477	1368.3713	214.7439	343.8936	833.9826	666.4452	806.1163	127.5754
-0.5046	603.1767	2949.9946	1262.0644	1245.5817	0	871.1162	233.7313	253.229	1159.1692	189.4267
-0.4958	128.0278	1751.8978	1652.1964	1102.6789	636.8974	986.4457	578.2987	635.1988	957.4447	72.4332
-0.487	499.9372	893.3949	598.4936	741.8195	1143.3312	683.7803	780.1997	1219.1485	650.3804	0
-0.4782	655.0755	873.0337	667.4498	893.285	651.3349	958.3946	1364.3689	758.5556	0	609.7823
-0.4694	384.0022	1069.0586	580.1818	212.5241	2120.0267	875.8498	1092.114	384.5475	0	0
-0.4606	107.1087	1864.7974	709.8564	716.6471	727.1806	731.4487	629.2006	892.2406	579.0123	234.7413
-0.4518	916.0432	1983.1003	475.7744	931.4472	1056.9098	401.0118	798.781	1257.3202	844.6119	756.9492
-0.443	558.5092	2107.2294	1421.1839	296.9672	1577.2265	539.7228	832.4087	1029.2827	1137.4148	460.0241
-0.4342	613.2558	1928.3454	1249.5741	1326.2316	995.2818	230.4243	654.0505	928.7088	1705.552	596.2784
-0.4254	668.6151	1429.947	894.3539	1109.0201	903.8149	250.68	673.0509	388.1117	614.8274	244.8688
-0.4166	626.7442	991.3886	413.3808	105.6458	1565.4744	708.1636	905.7202	711.4565	1137.9341	583.1086
-0.4078	538.4385	413.2604	0	653.9537	1929.4531	1339.2582	1024.5929	1706.4646	919.0911	1241.6736
-0.399	67.679	727.1229	242.5503	1381.4187	1452.5667	1641.6483	434.3665	1542.3167	1558.5261	594.0012
-0.3902	224.366	549.4843	717.0993	1196.4273	920.9974	1312.4651	1083.8564	1048.8546	484.0713	1062.9169
-0.3814	843.7358	1364.6385	978.8284	999.895	469.9898	2389.7807	886.3265	1151.1139	167.733	1281.0482
-0.3726	1283.9257	1181.1697	1435.4906	1456.6809	125.5763	2196.5001	690.4478	1679.804	697.7568	1063.3889
-0.3638	1594.0228	1144.1515	1130.2547	1590.9694	476.5432	830.5922	422.4574	1031.9698	1272.7545	768.8813
-0.355	1767.0138	736.0884	1826.7247	1689.4906	340.3033	887.4729	471.3981	780.0999	1926.0467	649.5359
-0.3462	1391.7327	1520.0617	1279.1577	2554.5308	1515.7977	1146.1878	1102.0778	975.0946	1613.8418	259.2256
-0.3374	1191.9018	1984.4878	1174.0374	1638.8747	1999.8531	1500.1556	1293.9789	1375.2131	1640.8415	441.0336
-0.3286	2021.6022	946.2906	919.0198	773.4602	1707.2374	2586.3936	861.5799	1415.7812	1402.9812	632.5834
-0.3198	1451.1356	618.9647	634.2739	597.829	1331.3657	2895.0972	451.8539	1409.3445	1691.1271	656.7493
-0.311	616.763	238.8775	1115.2616	363.0174	1072.376	2225.2352	825.0614	1323.1255	954.0646	794.3738
-0.3022	881.5004	1235.2143	567.5128	255.1559	1351.7578	2317.237	1611.4471	1150.6187	982.2188	1426.5711
-0.2934	1418.2554	1664.3896	151.2729	862.6177	2052.3946	2512.7958	1089.6758	1017.6009	1753.0965	219.2435
-0.2846	986.0277	2073.2379	333.1055	315.6876	1906.028	2728.3511	862.2243	806.3325	1239.9478	64.5032
-0.2758	517.5197	1710.0936	626.8031	937.1206	1313.712	2740.794	956.2396	981.2398	942.9509	601.1332
-0.267	11.6954	716.1026	814.5035	1374.1622	914.6217	2439.3173	209.8576	1041.1152	1576.3157	907.2698
-0.2582	579.9347	1056.3172	1003.3901	901.7727	885.7436	4830.6917	1181.888	817.7407	643.4584	1010.1414
-0.2493	688.67	1181.6765	741.8774	1142.3433	768.3619	3461.1122	1115.4236	1804.1326	657.2414	1390.5877
-0.2405	1277.0548	1069.5692	927.017	1372.2949	1318.1797	816.9521	980.9866	1499.2849	216.2812	721.4155
-0.2317	1017.6506	854.5796	843.5975	1762.573	856.3923	1260.4091	654.9328	1262.3936	394.796	754.8558
-0.2229	861.2085	928.7137	2099.0271	1101	742.4828	1510.285	219.857	1554.9424	186.9007	497.0841
-0.2141	1164.5225	1987.7059	1500.4291	1464.4458	1394.1097	522.0906	1397.3452	795.6652	981.9862	471.9651
-0.2053	900.6644	1869.0908	1130.7227	1795.3069	1032.4288	890.8612	1588.8458	924.1107	1671.1744	767.0253
-0.1965	1292.9179	1385.1103	1153.7706	1602.9416	1479.5168	2278.5269	1890.1776	1192.0736	851.5858	1904.9354
-0.1877	957.7057	1533.8913	1267.8096	879.6458	1255.0508	1384.5419	1975.1099	146.9038	1013.1897	1419.1772
-0.1789	579.998	2167.6702	633.0757	571.3172	1269.6526	1079.106	1870.7896	166.2697	1427.7254	1053.1814
-0.1701	356.1919	1162.5722	1130.6121	1078.3501	1278.439	241.6203	1431.6307	727.0602	1558.262	1443.6083
-0.1613	1016.5031	705.0244	1079.9392	1387.2644	1177.9211	1083.0215	1021.6311	1036.1122	435.339	2014.9289
-0.1525	1355.7916	615.922	822.7586	1731.4829	1339.9138	662.0414	994.8093	1949.3509	662.8155	979.9264
-0.1437	690.4664	1704.2208	813.9062	1888.0026	893.6217	540.0244	992.5948	977.7533	430.345	1489.5717
-0.1349	952.5054	2159.5838	808.9251	1146.8598	1247.8706	534.954	1454.3563	1180.8488	75.1732	642.9605
-0.1261	574.9732	3476.2191	422.6751	1688.456	1222.7676	434.5944	440.2614	1338.1228	96.2974	515.725
-0.1173	125.3843	2436.8977	1313.1117	1783.1612	1312.0031	1022.9118	889.655	1392.1614	989.9078	0
-0.1085	762.7177	1259.4629	1605.3811	1729.2324	1433.9283	945.8467	893.5207	1165.4608	1227.6581	241.21
-0.0997	1099.1488	1317.2166	798.5187	1590.9572	935.6353	1311.6022	1014.9124	1064.2441	1791.2588	1309.1222
-0.0909	926.2433	1059.8396	1635.5343	1423.1943	1011.5176	483.7464	1163.6027	964.2903	1091.1511	695.9804
-0.0821	1201.4779	602.4935	972.2001	1579.5406	1187.3412	134.522	1372.863	1154.7348	1452.0323	813.3283
-0.0733	1470.4284	1255.3791	1241.7917	1760.2521	1000.3658	553.0203	2458.8927	1297.0012	1551.8366	1206.9156
-0.0645	2147.5164	2420.5148	1391.8065	1610.0816	1293.9788	742.0209	1625.0758	1971.508	1840.3149	2598.7805
-0.0557	2878.4391	3752.2387	2444.3437	1403.9987	3026.6127	1937.4933	1542.0512	2681.8661	2264.7719	3483.5404
-0.0469	2734.1256	3299.7941	2985.6049	2235.1995	3374.5068	2828.2343	2541.2475	2483.8118	3040.8084	4311.6492
-0.0381	5736.7648	5628.0849	6210.0542	5315.432	4434.2164	4448.0852	4834.4195	4102.1696	5760.3419	7996.4366
-0.0293	18371.0231	14366.7347	18632.0789	14679.3543	14679.2218	11301.9088	12497.7836	13757.4533	17239.767	27035.6879
-0.0205	55063.5533	45924.9816	58155.3742	45450.2677	46492.9694	35945.5012	37230.0795	46870.19	49217.8933	70308.4308
-0.0117	114160.9885	98559.8781	113457.1847	100284.8679	98135.1907	81393.6872	84368.6918	99778.0642	99312.6714	116761.6531
-0.0029	155832.3953	137635.3132	148272.8817	140069.8988	138626.0464	123322.9463	126638.4337	140968.3502	137355.4141	141431.0228
0.0059	152237.9101	142064.1931	144800.5647	141338.083	141343.3316	131667.4115	135547.2978	140142.2856	140497.3132	130754.346
0.0147	104640.6182	110398.5435	104017.4472	104882.0395	105215.9267	102589.6597	108000.4175	99719.8599	104555.7532	92583.934
0.0235	54727.1047	62773.1811	54515.4576	57842.6021	59257.145	61589.526	64487.2692	54251.2985	59073.7422	50684.6155
0.0323	25713.2618	30443.1761	25847.5145	26803.2785	29974.1443	30277.1758	31334.7715	25521.4685	28370.8395	25074.254
0.0411	12770.1036	14499.351	12973.4465	12903.5663	14112.1112	15156.4901	14707.5412	12034.4599	13308.5754	12713.7198
0.0499	6954.6833	7498.0775	6839.5682	7326.4317	7563.901	8723.3162	7983.9633	7247.4377	7060.6719	6547.8261
0.0587	3982.3672	4541.6321	4856.8582	4788.3686	4551.8744	4686.7653	4402.7446	4278.2634	4367.9975	4536.0014
0.0675	2695.8042	4797.1593	4129.4056	3853.1919	3261.1028	2974.835	2913.7402	3843.6055	2976.2905	3993.1685
0.0764	2499.9124	3775.2033	2939.4078	2883.3073	2784.9763	2539.5248	2768.9222	2829.1674	2583.2139	3447.6487
0.0852	2594.8362	2909.8935	1541.7665	2384.7204	2756.5782	2003.3115	1923.373	2206.9536	2421.2928	3171.6699
0.094	2350.503	2534.1826	1794.3107	2649.2306	2150.0223	1903.0824	1475.7075	1260.4306	1825.7549	2121.9437
0.1028	2787.4671	2355.9012	1281.0564	2052.922	1652.2573	1464.2287	1241.178	1599.4613	1412.6818	1718.2812
0.1116	1670.7019	1975.1035	1270.6594	1683.4072	2460.844	1739.0429	1215.1869	1989.4511	1670.9878	1200.2241
0.1204	1410.7794	1651.1577	1131.2865	1457.743	2348.7753	1482.6249	1312.229	2366.9375	901.3176	1000.3763
0.1292	1274.3324	1928.9553	1235.261	1763.109	1741.7721	1579.9196	748.2755	2073.2095	1318.9546	655.3686
0.138	645.5197	1962.4847	682.4171	1781.2009	1127.7756	794.1126	203.4006	2183.2385	395.6632	1221.4002
0.1468	1280.0042	1345.551	1133.0628	1878.5743	1732.8135	1248.8975	374.3454	1862.7822	603.8948	2352.3497
0.1556	2856.7982	2205.896	1811.3427	1174.3701	1079.1379	1511.2292	1765.0662	2119.9951	1057.6923	1543.0234
0.1644	2967.5869	2569.3619	1777.4579	1537.6963	1487.726	2104.3568	2171.9419	2222.8348	1312.4012	2128.5384
0.1732	3915.0044	2822.5848	2198.3481	3465.5622	2320.55	3557.1719	1587.856	2868.0602	2928.9097	3262.5955
0.182	5554.957	4057.7345	3847.5536	5679.635	3411.1285	4511.7099	3018.1965	4211.506	4111.5159	3763.0771
0.1908	6835.4884	5335.4494	5715.0927	7036.5831	3849.9533	5029.7952	4462.6725	4724.9951	4851.8982	4502.7611
0.1996	6060.4178	6248.8003	5696.1497	6179.7038	3865.1468	5074.4714	5316.9294	5366.0788	4412.9363	4235.2623
0.2084	4281.2355	4604.3369	4264.4405	4683.493	3285.953	4070.3319	4402.7104	4032.4775	4020.4344	3668.8233
0.2172	3753.6489	2739.5501	3243.6079	2993.7238	3029.3338	2959.5377	3545.9921	3191.8333	3462.8248	2464.3138
0.226	3508.5326	1567.8018	2380.4057	2127.059	2688.4354	2160.5217	3005.6641	1772.0745	2957.4336	1834.1119
0.2348	2808.6677	1199.5773	2683.5376	961.4186	1015.3761	529.8014	2254.0354	1910.6923	2154.2486	1326.1794
0.2436	1891.4124	1503.2902	1689.1579	1346.0651	1624.0563	382.6407	1189.6303	1416.5607	677.6334	278.2825
0.2524	1698.7873	2162.109	1673.0309	1454.8188	807.9219	442.1748	608.3141	1325.3942	767.2796	482.4033
0.2612	1529.8938	2328.5877	1324.9323	792.6942	703.3331	1175.6854	1424.5106	1506.2353	2168.7722	567.5936
0.27	1120.6316	1037.8465	1147.6358	575.6044	1147.5031	1064.8551	1498.4872	652.094	964.9466	373.6912
0.2788	642.6382	1303.2588	1678.7621	1291.0088	800.1653	1995.2456	49.9949	1088.5815	417.0385	399.8745
0.2876	248.2134	1267.7361	853.9718	1240.3942	934.813	1630.5684	800.9931	1779.0921	534.7368	1080.3417
0.2964	739.6462	1101.0341	929.8446	1555.381	779.4251	1519.8367	911.9012	1943.7977	1132.8379	1096.3747
0.3052	771.6202	1958.1967	1266.8299	1984.1263	746.1603	1459.8926	1518.8545	1423.1982	651.3055	555.8726
0.314	781.1664	1357.377	1197.4483	1876.6744	1413.2311	1529.6206	1009.0155	1500.7072	886.7603	2300.9805
0.3228	601.4476	1976.9593	1551.4247	1660.1865	1769.1742	1071.6193	2143.0021	3056.4672	731.9638	1980.7565
0.3316	860.6666	1279.3908	1337.3373	1362.0496	1942.8439	1102.5909	1882.3711	2195.1203	52.3462	1222.2416
0.3404	1938.3676	696.7708	2018.5718	1084.6158	1858.486	1590.0399	1203.4153	1517.8733	281.6441	1277.8136
0.3492	2442.3386	850.488	2547.069	1730.3145	1240.0709	2445.0832	352.2644	1542.777	847.3499	1439.1869
0.358	2800.976	1305.2121	1984.7586	1627.5573	1681.6797	2718.1952	1441.0253	2899.0468	1909.4523	2427.9633
0.3668	4114.125	2838.7423	2032.7977	3073.1808	2326.6094	2526.0142	2246.0878	3217.6721	3237.8878	3659.3997
0.3756	5156.441	3977.831	3412.2441	3843.5549	3490.981	3171.7621	3466.3129	3965.3526	4371.9698	3926.1824
0.3844	5325.1806	4344.9778	4091.9197	3923.6102	2693.613	3345.7692	4106.3058	3726.8148	4661.4863	3467.3887
0.3932	4155.8059	3571.9285	3326.8192	3501.6385	3437.8995	3082.1106	3808.1037	2661.1244	4072.7064	3258.5352
0.4021	2654.4845	2130.6318	2614.1305	2568.0694	3080.6041	2494.7594	1916.279	1384.3851	2793.2211	2706.4431
0.4109	1262.7638	1287.2486	1753.8238	2236.2077	3006.4168	2080.18	1068.5913	1225.9408	1776.7214	2781.147
0.4197	1187.1788	1802.9705	2232.7825	1760.8368	1507.94	1924.5094	1597.8745	252.4265	1112.4937	1980.2606
0.4285	494.4701	1654.9884	1339.667	1473.3516	1125.3167	1335.8861	2002.6554	899.7318	1106.4834	1244.1293
0.4373	1177.0787	1136.8284	1213.3595	1099.0233	1678.2044	1171.2178	1248.2833	942.3707	997.1309	1360.389
0.4461	1572.7182	1419.5968	1860.4619	548.881	1826.6687	731.5679	1700.8393	718.7314	1042.4003	858.1533
0.4549	1234.8848	1785.3724	1739.8626	1137.1489	1955.3359	1042.096	1674.3416	367.3692	658.9491	313.6173
0.4637	1602.4255	935.799	1326.9241	370.9174	830.039	1232.2338	1452.1454	343.0442	1005.602	409.1041
0.4725	1552.6102	1257.7007	2005.648	563.4616	148.8783	359.6301	1086.7923	720.2867	918.106	14.7049
0.4813	1268.3907	1716.1515	1659.7442	675.6949	552.6138	715.1068	889.7976	216.5616	449.1665	710.3771
0.4901	1499.6	1126.3611	1427.6367	160.1527	442.9257	986.8627	500.0096	500.4372	1397.4507	1309.6974
0.4989	735.3671	1333.8259	1394.9334	960.8722	820.3858	472.4267	0	1203.5546	1639.8344	1146.1774
0.5077	1112.5285	2509.9301	1160.0259	894.7896	2044.985	745.702	50.3387	2173.1106	907.4897	821.9535
0.5165	1088.78	1751.3983	1038.0568	1130.2326	1271.4047	867.6502	338.4244	1432.4416	374.6094	977.9864
0.5253	947.7005	438.9628	708.5691	1437.0338	653.6397	848.2585	268.4045	1167.6456	290.5035	621.9368
0.5341	814.6998	0	1849.7287	1070.3689	1014.9516	1823.7411	0	901.9924	1412.2683	957.8024
0.5429	1759.4627	974.2368	1694.465	1397.6243	1509.5721	1228.0805	586.9656	1223.8785	1543.9529	2345.0473
0.5517	2708.2963	1570.5951	2114.1638	2413.0873	1852.7687	1563.9827	1247.0688	1975.3791	2150.1321	2856.2827
0.5605	4165.0141	2589.9533	3592.4277	3109.8409	3380.7234	3111.2449	2128.4017	3505.6845	2865.8206	3714.0059
0.5693	4165.27	3554.2052	3585.732	3900.0382	3990.4816	3642.8131	2093.8728	3519.4602	3566.8357	3419.1737
0.5781	3292.1065	3459.4814	4350.5643	3578.5369	4685.7188	2931.7757	2118.1854	3303.3483	2772.1743	3138.3699
0.5869	2196.2882	2759.7982	3205.9585	2260.858	2909.8189	1255.8575	2178.4475	2801.6469	2104.1148	3179.3834
0.5957	2300.1265	4104.9342	1315.7298	4186.0864	1925.2538	865.1417	1993.8749	1723.3514	1408.3346	1738.8286
0.6045	2242.7403	4406.4379	1081.4913	4084.3198	2116.6972	1269.1851	2184.8908	1409.4362	1339.321	2253.384
0.6133	1676.5048	2477.4835	845.0573	2595.2753	1398.5875	482.1588	1459.1572	1158.0852	1117.0332	1347.3134
0.6221	1055.901	1940.883	674.1947	1396.8167	1040.916	306.682	1263.0569	1617.5421	1006.3675	847.7547
0.6309	821.0466	2502.2883	663.8614	1300.6391	1449.2553	410.0273	1184.4583	1390.6098	1197.0945	1226.4564
0.6397	1026.1556	1299.6637	670.9636	2850.293	1136.2107	679.1647	741.8036	2179.7439	1311.2671	2219.0513
0.6485	984.8327	1517.1461	1279.634	2417.9318	554.5228	2536.1529	864.7833	2175.8457	1344.6012	2401.7663
0.6573	569.1773	1711.5995	1026.436	2318.0591	1115.5036	2168.8108	298.8523	1394.4656	1586.9089	1726.1454
0.6661	814.4592	1478.8966	1014.8411	1727.1218	1196.4761	818.085	1007.2912	939.6689	1294.2408	1542.3004
0.6749	862.4656	1921.9102	1242.6217	1876.5816	950.4362	922.1049	1755.3555	1368.7713	1937.6893	744.6717
0.6837	2664.3888	2420.8711	2021.5657	1156.7997	631.9558	1859.0025	1561.6026	761.3121	1434.0869	719.2403
0.6925	1882.3054	1987.2399	1829.3173	1855.9632	1516.5198	1836.5218	1267.5006	1716.236	1512.7627	775.3709
0.7013	1191.972	1533.6072	1805.5821	1710.8085	1308.801	1525.3868	1065.9141	887.0709	726.8912	1034.4844
0.7101	932.2456	1104.5596	966.02	1621.5351	1663.1902	1330.7797	1843.7738	1003.4804	947.6357	891.1751
0.7189	1341.8329	1449.177	1586.1584	2311.8733	1094.6499	933.9206	2196.2016	1039.6322	1483.812	793.5246
0.7278	2100.2035	1537.6059	1939.5191	2614.271	1020.7957	1673.6679	1865.9693	1075.7295	1817.8975	1063.8252
0.7366	3239.5815	2560.6103	2847.655	2814.3264	2351.628	1937.1155	1997.3302	2397.7751	3144.1992	1900.3663
0.7454	3653.2767	2739.7594	2382.1811	4062.4123	2710.7257	3110.9723	2417.7145	2438.0445	3613.0948	1959.5071
0.7542	3227.9882	2627.4259	1993.0979	4231.4222	2249.1276	3037.5654	2590.864	1900.1299	3338.4864	2412.152
0.763	2574.0967	1776.513	2494.3866	3231.9765	1934.3151	1954.2266	2560.7784	2576.9809	2002.7692	3115.5616
0.7718	1716.0668	1118.0979	1935.3847	2557.6651	1117.7303	1692.3387	1887.2817	1817.4845	1392.9702	2175.7579
0.7806	1765.6716	558.9702	1068.8794	1686.0426	1255.3585	1249.7707	1888.9693	1454.6096	1581.6886	1588.1306
0.7894	1452.5899	760.5985	1660.1429	952.5162	1043.7572	1249.177	1528.2061	720.1817	1440.3205	2376.7733
0.7982	1155.4866	590.9641	1621.5309	903.6749	1358.5526	943.9238	1140.0826	1415.607	1380.8266	1255.5267
0.807	1006.7115	846.2783	794.3491	886.7147	390.8222	1000.5211	1660.9741	562.1945	1411.6847	631.0307
0.8158	1908.9658	1075.87	368.7614	1391.0498	785.6156	946.5264	1979.1291	925.182	1531.4977	1295.2463
0.8246	981.0958	796.8328	1010.5262	1150.9167	1642.042	954.7092	1241.5973	720.8071	1541.6876	2027.7754
0.8334	1196.3271	1316.6124	995.377	1545.137	2127.9036	259.8019	2111.3386	709.9938	2220.1513	2075.6501
0.8422	1066.9947	996.5399	1477.7162	1309.2508	533.993	1058.642	1584.2971	956.5772	2194.6446	1235.7373
0.851	500.8386	1436.4396	1165.104	1472.1772	442.8184	1275.7402	1651.0944	679.0935	1530.7229	1144.3177
0.8598	962.5123	550.4433	1207.0214	1099.9574	985.1404	1662.3193	1116.967	636.0169	1766.4671	1542.0896
0.8686	1181.2995	751.188	861.5024	2367.3002	1630.1098	551.3145	894.5366	131.8607	1138.7603	496.5996
0.8774	902.386	806.0417	569.4965	3204.3092	499.5616	668.926	1210.5015	134.8391	681.2807	832.0528
0.8862	969.4851	1279.8079	724.8081	1296.6356	82.4756	378.176	1211.6717	669.7014	530.5833	210.4736
0.895	555.3639	1082.8468	2033.9311	690.7037	405.6786	826.0253	968.9778	1435.6104	801.9373	1120.5601
0.9038	1379.0679	1130.3495	1358.4256	2243.8102	899.5573	832.5303	722.8279	1843.1529	1365.6753	1332.6395
0.9126	2569.3762	1966.7725	1678.9084	1709.1235	1081.2944	1162.8381	987.2574	957.2929	2709.8629	710.3764
0.9214	2829.3723	3213.7844	2506.9567	2335.5518	1129.29	2354.3377	1935.3563	1910.0962	3851.3861	1385.8185
0.9302	3249.6677	2989.0941	2651.223	2255.2704	1920.9062	1335.1415	2368.8843	2022.9928	3364.4905	2045.6643
0.939	2503.206	2407.2496	2564.6081	2238.7096	1315.9129	1340.1728	2579.1099	1093.7771	1438.012	1354.3075
0.9478	2346.625	2838.13	1767.4763	1237.9035	496.2162	941.229	2298.7751	1873.6853	1026.2509	542.099
0.9566	2290.2245	2672.9618	1972.9613	749.0734	445.3844	1025.0591	1933.5235	1647.8505	839.7112	306.0783
0.9654	1855.9695	965.4427	1486.0955	1196.9427	1071.7179	796.8266	1641.6969	1302.4533	72.2793	508.6531
0.9742	950.4448	1884.6566	1085.1971	1639.8284	946.9737	1036.9328	445.9526	653.0926	991.3515	767.1582
0.983	516.4924	1559.3253	1055.8078	1178.9542	79.267	279.8607	421.6375	456.706	524.3286	812.8583
0.9918	694.4222	1304.3104	1190.2522	2301.0481	755.2806	237.6945	881.3455	149.1992	1949.1576	741.3857
1.0006	635.83	1527.8629	1140.567	2406.0558	1058.8383	49.0466	953.6736	176.35	887.3142	1267.3548
1.0094	1232.751	732.6678	1337.3581	2696.9302	681.425	712.74	530.5076	173.9422	1000.556	1388.9751
1.0182	966.7541	659.6279	1439.3927	1665.3385	1007.7255	206.8643	504.5519	1254.339	1227.2265	1236.7639
1.027	1005.029	1019.03	1421.9989	1158.1968	1148.6241	0	725.6085	1399.9467	765.7532	662.6036
1.0358	882.1084	1313.2011	2104.953	1270.4731	1319.874	1051.8956	1195.0525	884.1986	1271.7795	705.3299
1.0446	816.9875	2059.0394	1539.8568	1063.0298	839.9911	971.8745	800.8516	1921.8616	1455.7933	48.4261
1.0535	2210.4628	2859.3378	827.7828	1027.7489	934.694	1425.9679	900.0196	1040.1383	1362.9428	530.3094
1.0623	1821.5781	2253.6969	611.002	1592.6505	1094.815	1063.0279	1598.551	1045.9185	748.1246	456.6987
1.0711	1171.9385	1000.8283	857.6014	1712.4694	1272.68	328.4907	1226.4566	1087.0843	0	876.9735
1.0799	2304.2277	1665.7872	1129.0918	926.8581	1546.0367	658.6914	2556.5601	860.0843	1364.9495	2427.2413
1.0887	2340.9637	1573.9716	1750.2322	1429.4631	1864.4757	1632.0702	2847.7408	820.7691	1239.07	1721.1491
1.0975	2269.1069	2099.3751	1943.9137	2235.1832	1498.1269	2146.0361	2684.6735	1214.8823	1237.2648	1547.7761
1.1063	2810.0602	2304.2784	2810.4025	3105.8479	1255.9134	3147.5493	1823.1695	1406.331	1605.6265	853.9235
1.1151	3484.2798	2610.3543	2452.0455	2739.4412	893.6433	3826.287	2372.8157	2163.4575	3032.2897	1003.4488
1.1239	2155.2252	2499.102	2077.8228	1761.5428	1014.3731	3009.9664	2246.3921	2937.8855	2559.9305	1102.506
1.1327	1601.8829	2078.8353	1780.1716	750.7058	1530.1495	2419.2376	1560.524	1727.5686	1506.9234	1047.9456
1.1415	1462.0837	1877.1331	1543.7391	882.8209	1778.6611	2169.7421	1297.319	926.1073	1384.9533	1109.1933
1.1503	1349.2071	1911.2132	1548.3222	2044.3394	1436.1549	2049.6648	988.9823	956.9663	1310.8526	1169.9208
1.1591	1386.8211	1401.3128	567.4916	1696.3601	904.5886	1641.137	1403.5935	573.0012	1786.4047	1436.6459
1.1679	1250.4397	2688.7934	935.82	1432.6679	1062.149	970.3882	869.8707	1343.2141	2200.0044	1447.2205
1.1767	1567.1436	3898.4243	1388.4601	1676.563	1161.9325	684.3764	1968.4129	1491.1718	1454.2298	1256.6916
1.1855	1483.918	2863.0156	979.791	1418.1555	1700.5438	703.7921	1865.2371	2505.4411	1047.8841	542.4344
1.1943	1292.9608	1243.7922	370.2338	1717.5109	1405.6106	1107.429	193.7265	1718.4218	739.4706	1344.1431
1.2031	748.9322	1146.4847	921.82	1636.202	1179.7502	1088.7976	442.4645	1415.5781	528.147	1516.5154
1.2119	1364.6011	824.4578	1055.1901	1610.9965	664.2041	1936.1651	85.014	434.3214	1005.6486	1251.2081
1.2207	1705.5932	1346.1156	780.7913	1282.6818	1673.9573	1551.5159	155.7945	498.0468	1376.9772	883.7383
1.2295	1252.245	1125.2485	1269.6115	1840.1607	1442.2173	1115.5279	596.3813	463.9973	1345.9078	626.6185
1.2383	1315.1709	1617.7649	1093.4307	1192.7497	1543.6349	1794.3612	1252.7998	1174.8741	1465.6127	445.4133
1.2471	941.3896	815.7664	1206.5461	1655.829	1511.6056	853.1075	1330.0299	1536.938	2042.2287	622.7782
1.2559	1351.6368	1509.7823	1344.7103	2114.5243	1582.1442	640.2461	1284.9425	1554.5652	1891.0856	1332.7569
1.2647	2177.6181	995.7213	960.6631	1347.1535	1468.6827	1641.3387	1539.8016	1376.862	1463.593	1667.9459
1.2735	2837.0137	1106.5838	733.0154	2278.6516	1980.9995	1749.9886	2212.5488	1745.5162	1798.1145	1892.7373
1.2823	2832.9374	998.9472	1672.2313	2700.1277	2453.1722	1586.8172	2656.4238	2782.646	2239.5992	1618.6871
1.2911	2670.0598	1951.7596	2083.4256	1792.6599	970.4795	1599.6517	3172.5781	1664.4422	2486.6916	1227.1263
1.2999	2916.3042	3249.6949	1763.5796	1537.6273	1710.0936	1749.3277	1745.5881	1840.9491	2253.5157	1354.2495
1.3087	1918.7816	2812.0976	1956.8739	1460.074	1377.0622	2226.8906	1732.5406	1807.4621	1438.594	1022.2673
1.3175	1655.5976	1847.1956	1290.7688	1446.952	1211.4745	1818.0228	1636.6254	1069.1151	1110.6244	649.6994
1.3263	1389.2064	1506.3425	1135.8514	1098.0082	991.3386	1537.4079	1996.5374	743.8404	78.1307	859.3849
1.3351	1540.2721	1350.2322	778.3642	915.6852	1051.2071	1063.027	1393.4086	1048.519	1343.5125	1426.4759
1.3439	1750.8929	1111.8995	1175.9971	798.2402	610.4929	905.3638	819.5276	827.8007	2089.0868	1454.5475
1.3527	914.7093	1270.297	1112.0403	800.7319	489.9864	516.8291	351.4723	1082.2531	1709.7288	2030.7368
1.3615	843.6267	1074.8573	198.993	1139.9507	1030.0218	0	1628.4482	1385.245	890.0785	1566.051
1.3703	990.903	954.6337	1052.4428	1212.1087	1417.5133	0	1711.3884	258.5313	610.6934	1070.3836
1.3792	0	1099.3314	1686.5071	1369.6973	1232.6482	1543.6234	1448.5406	1026.6396	903.3559	856.1724
1.388	1046.8098	1470.114	1027.0443	1810.8487	1270.034	1454.8207	1130.7324	1871.8216	959.7133	950.7374
1.3968	2072.1253	1915.5319	1128.6518	1677.2881	1179.6904	1172.6735	214.1132	1133.6513	1159.7165	776.4453
1.4056	1828.8252	2029.8983	1009.3916	1106.3465	1012.0622	1186.8399	655.9539	1986.7579	726.7688	1221.0112
1.4144	904.0766	1946.8906	1231.5829	303.743	635.188	1277.2316	445.0465	2089.8483	879.8973	1309.7753
1.4232	773.3734	1395.7261	1794.4756	1331.6001	949.545	1343.6955	455.5009	693.3977	1492.2645	940.2872
1.432	1650.3692	1643.9533	1026.5484	1554.2946	1161.7797	1177.8312	540.8253	1243.7049	1469.294	1080.0652
1.4408	1819.4669	2438.4899	1933.4083	1908.705	1729.4604	1487.1248	1006.8383	2019.0393	1075.1854	2749.8136
1.4496	2500.8398	1973.8458	2127.8026	2166.2143	1068.802	2260.9004	1957.9562	1248.7076	1512.0629	2567.1486
1.4584	2722.0541	2045.9074	2934.1355	1763.2238	545.3645	2918.1608	2476.0302	2817.9285	1547.2036	2387.8025
1.4672	2660.028	1536.9274	2132.3958	2026.8	1324.3037	2905.0693	2067.1352	2547.773	1304.7344	1674.7755
1.476	1868.7996	2331.1966	1588.6006	1489.3228	1345.5875	1681.9463	2524.6412	1444.6958	1883.6391	1600.6872
1.4848	2514.6079	1824.7619	915.2441	891.2459	1519.7623	1406.1264	2835.8222	1999.3133	1858.4442	1679.7764
1.4936	2634.5845	1498.4768	1043.4424	583.571	1770.4789	1581.9779	2500.6684	452.2586	1384.9472	1666.3128
1.5024	796.0268	2570.5421	733.9713	945.8772	1463.5778	1551.8714	1670.9295	788.465	1204.8853	1508.8522
1.5112	226.1395	1670.3103	1750.7911	1627.2702	1854.7387	898.9388	1529.4653	900.1517	1237.1188	1458.1417
1.52	766.299	1965.205	1371.1358	1222.6398	1228.2123	605.7861	1298.2285	700.7849	2072.375	1103.8044
1.5288	943.5214	1547.6087	1484.3801	779.3268	839.0027	761.9806	1097.3197	21.3554	1268.4919	801.0613
1.5376	1906.6888	1667.0334	1326.6026	572.1429	537.1093	1155.712	1145.57	859.5746	1177.9602	996.4645
1.5464	2923.3865	1402.878	1229.6641	1273.8962	405.458	988.9317	1893.0892	723.7838	801.2615	1173.068
1.5552	1346.2741	1511.0577	1435.2548	1090.8084	197.2653	1178.1242	1241.0862	1411.3435	1265.2248	1300.6867
1.564	1118.4966	954.5263	1842.9954	1419.4256	402.3934	1320.15	1421.4502	2207.8694	1452.0473	930.8857
1.5728	1208.0228	941.5451	798.4997	1020.4409	740.3614	725.7747	1727.8627	1539.7375	1521.4507	833.7238
1.5816	1370.7893	445.654	1033.2196	1922.4894	389.9561	991.3239	1682.26	1218.7553	1712.8601	1081.5728
1.5904	877.5292	1780.2729	976.1573	1514.323	975.3732	638.5206	1799.4247	1663.1958	1929.0654	1137.8203
1.5992	983.5141	1390.5871	623.4679	979.9782	574.6242	994.5721	1722.7126	1740.3914	734.0707	1107.0756
1.608	1369.3763	2260.9042	813.8806	1848.3637	1368.5065	1948.2811	1785.3894	1801.2191	1277.4559	658.8794
1.6168	1709.938	3131.1842	1092.75	2801.162	2468.3036	2247.0866	1772.5078	1430.1259	1116.7784	689.7388
1.6256	1851.6818	2751.3524	1252.4187	1718.9386	1562.1727	3113.1235	2085.4883	1887.9978	1232.9509	1665.1321
1.6344	1859.7769	1730.4215	3796.4825	2071.3761	1587.0038	1948.992	1444.2845	1922.281	1482.8692	1671.4258
1.6432	1392.6616	1874.0751	4227.3012	2562.9927	1287.9998	1462.754	1395.6911	1822.35	1505.1428	1595.4845
1.652	1541.1306	2143.7177	2140.6168	1777.4538	1357.2652	1614.1558	1784.154	1414.288	1451.454	1147.0741
1.6608	1135.4398	1590.5495	1498.8371	907.2443	2084.2395	1692.5797	1559.1197	1289.7752	1280.8475	1211.8045
1.6696	329.2889	931.9709	1231.1218	1316.0952	2128.9378	1853.5717	1380.6673	903.6955	1858.9231	1114.1208
1.6784	666.6795	1476.8488	1255.4559	1016.2406	1769.3802	1278.0839	3210.1036	915.3278	1952.6775	1102.3007
1.6872	1071.7205	830.1742	1946.6253	586.9782	2168.3158	1298.8321	2448.5792	1103.8996	2433.378	1503.5048
1.696	316.1212	1655.977	1989.8596	958.3974	1677.4741	1440.6708	1432.2281	1056.0387	1699.636	937.8878
1.7049	2.5301	1064.9515	1512.7705	1931.5681	2259.5578	1269.5359	1683.1604	1326.1411	878.1807	1013.1919
1.7137	667.9136	1171.1962	646.259	1753.9766	1969.2582	1675.2783	2771.6512	1479.7077	663.205	1256.1088
1.7225	1090.1367	2040.9462	1348.202	1687.5954	2176.5798	2085.6678	2226.023	1030.3862	2101.2962	1234.2772
1.7313	1941.8938	2472.7763	1358.7251	1818.2204	1013.1324	650.8598	2361.5123	664.3777	2097.8725	768.979
1.7401	2044.3872	1710.6422	1349.851	1291.6254	867.1288	1788.5443	2474.6637	1460.9537	1301.9283	610.1451
1.7489	1671.7196	929.3825	756.1655	2092.9916	1277.8594	2759.3908	1775.7353	1346.0691	549.5482	766.1176
1.7577	1509.1192	1114.6885	912.28	2160.2236	875.3423	1503.0604	1838.6857	1083.027	2442.9106	889.061
1.7665	1048.333	1036.2829	421.3819	2134.7369	1181.7324	1370.3143	2562.3995	1284.9083	2417.4837	1261.7664
1.7753	813.305	2106.3235	1146.6261	1709.0974	1274.9397	1212.6905	4386.8112	1398.896	1558.6184	1798.1348
1.7841	1813.1469	2081.2801	1486.8474	1346.1766	869.7768	1747.7643	4965.026	1298.1227	2090.3602	2490.0529
1.7929	1499.4627	1850.3671	1499.2487	1970.1835	579.6018	1536.3782	4087.8203	791.3463	2071.9304	1919.4664
1.8017	1936.2881	766.9727	1027.6067	2330.6618	1479.0365	1141.6638	3224.8152	1110.3974	2146.0277	2375.4533
1.8105	2725.9328	944.5265	264.8542	1020.1623	1307.6183	718.9399	2888.6679	1836.4061	1182.2278	2256.1581
1.8193	2314.5429	1332.6447	1539.6593	1511.5089	1230.0384	435.8163	1712.2687	1612.6826	1710.6482	1468.6543
1.8281	2378.2967	688.8265	1405.4254	1135.0677	935.6357	779.7164	1380.8309	1593.056	1696.2364	2415.5318
1.8369	2171.3383	1109.4134	857.3765	586.5419	1191.5275	1577.907	2362.8621	1522.1187	1729.0853	2287.9611
1.8457	2433.8944	1255.8239	1502.1779	783.6093	1433.5858	1534.0416	2082.1589	1418.5615	1119.8891	2310.899
1.8545	1947.1569	1159.6172	1400.4985	1879.2451	1521.9277	1841.7094	804.1089	973.2022	1996.7579	1472.4538
1.8633	1308.5753	410.0166	1198.3413	1426.4877	1727.455	2177.9454	570.0221	1407.1662	2009.9515	1355.7085
1.8721	974.2368	234.8293	943.5675	567.6182	1115.1176	3342.6114	1248.7493	1005.4469	1673.8598	2030.616
1.8809	820.324	786.3455	394.6857	425.5195	1642.8992	1653.3671	249.0687	632.3222	2557.0201	1729.6136
1.8897	1499.1663	1767.4595	1069.4078	1269.7319	1741.9617	2131.1378	313.138	1212.2736	3106.6831	1740.8341
1.8985	2083.2981	1513.9548	1756.2603	1375.0704	1128.3254	1616.7879	637.7786	1220.802	2878.4255	1642.3285
1.9073	1842.282	1459.0644	1054.6622	1167.8767	1128.9013	2143.4478	153.9581	721.2054	2498.8251	1442.8094
1.9161	1537.5358	1514.3277	1262.4061	1088.3689	1601.433	3160.8041	710.2466	888.3339	1941.2584	1620.2841
1.9249	1735.7315	1493.1011	1620.3195	2195.6582	773.436	2174.5196	1237.5586	795.3311	2222.5131	651.8242
1.9337	2086.3533	1928.1033	1593.8354	2668.0938	1459.8255	1760.9444	1811.9887	1415.68	1547.2956	848.0188
1.9425	2083.0653	2245.4194	1842.9425	3166.3744	1766.9392	2002.8062	2815.9863	1738.981	1579.1158	1329.6086
1.9513	2466.0914	2735.639	3470.8512	2683.9164	2169.5069	1479.7344	2677.2867	2018.6665	2110.9263	2038.2912
1.9601	1519.0703	2551.6465	2065.4961	2715.4331	1863.5456	1544.2383	2507.2173	2031.1176	1982.3934	2127.7421
1.9689	1098.5889	2777.9309	1712.865	1456.577	1525.5726	1531.0876	2214.6245	1915.0443	1744.118	2749.4845
1.9777	1911.374	2495.5408	1713.8052	1287.9523	1345.1056	1105.8139	1761.2929	2021.5634	1244.9235	2351.4385
1.9865	1643.3899	1614.8388	1614.3574	1716.9603	444.6214	1507.6032	1353.6831	1531.0078	502.9476	2118.2833
1.9953	2304.2841	1469.1851	2042.8607	1921.1761	1006.904	883.0025	1163.0089	1959.2049	930.6229	2053.5116
2.0041	2268.3808	1292.1294	1834.9055	2093.3107	1100.8528	1688.2701	1760.782	2456.1967	1380.4716	2043.3284
2.0129	1362.2716	1784.4905	1057.3193	2002.1085	1251.4045	1354.8406	1686.2382	1749.4805	1114.6978	1654.9037
2.0217	971.9834	2399.7327	1115.935	1424.292	1207.7615	2014.7574	2010.0076	1279.523	1419.901	1420.464
2.0306	1696.0549	836.8072	999.7765	2180.4212	1612.4667	1971.5238	1710.2384	1450.9352	1566.9592	1553.5335
2.0394	609.2266	793.7097	608.6947	2090.9427	1235.1817	1700.6397	2138.8429	1707.8021	1759.3212	2106.6631
2.0482	542.3306	1002.423	1298.517	1257.3946	1138.5334	1132.4119	2133.7738	1062.6681	2530.091	1760.0595
2.057	1344.9523	1305.4918	1689.5588	1267.1851	978.0455	1330.0148	1651.1693	793.9603	1276.4392	1426.5533
2.0658	2216.7294	1745.7958	2479.6044	1782.5821	1226.4575	555.6815	1095.1708	1718.5451	1825.8266	1074.6203
2.0746	1976.3587	1821.2127	2188.8348	1409.8024	2032.6447	922.0069	1035.8717	2342.3971	1268.8451	1157.1261
2.0834	1978.8752	2419.401	1723.5198	1458.2768	1930.5676	1538.2747	640.9924	1989.1179	1428.3307	946.6111
2.0922	1692.552	1187.5794	1452.9533	2456.3034	1837.1343	1927.1212	736.2664	1482.4313	1580.2388	1872.965
2.101	1489.9862	2067.9674	2046.1684	2438.8493	2276.8592	2448.8601	1964.9623	1955.9423	1207.5109	2661.948
2.1098	1903.2642	1784.5185	1668.8677	2099.596	2612.8753	2382.7868	2649.1738	2301.7888	1819.983	2117.5876
2.1186	2855.6027	1899.998	1455.258	2583.2884	1926.2995	3113.1852	2852.5084	1649.3792	1639.3582	2333.7679
2.1274	2725.8194	1733.7303	1995.3698	1530.9012	2271.3566	2444.7088	2652.7724	1392.445	1431.6207	1859.6551
2.1362	2856.5608	2095.3521	2366.6134	2144.6548	2099.6619	2507.9092	2792.9634	1120.2762	2268.3107	1605.301
2.145	2717.0038	2508.97	2350.8143	2220.9457	1455.9412	1349.8944	4172.7872	1518.8671	2273.6621	1513.091
2.1538	2179.1998	2692.9089	2383.3495	2226.4503	1717.8864	1379.1301	2811.8605	1107.4018	2069.9015	1809.8859
2.1626	1630.9	2058.5818	2417.7396	2070.3996	1928.7318	1796.7817	2033.3117	1319.0767	2233.0077	980.2811
2.1714	2418.1449	1969.1523	1592.717	2352.8917	1658.2451	1489.3079	1662.1274	460.6055	1553.8278	1191.8225
2.1802	2288.085	1766.798	1414.6712	2165.9644	1756.3115	1114.9833	2054.8213	607.5322	1400.5438	1275.4289
2.189	1795.4627	1928.956	1160.5895	1469.6963	1620.2473	2499.483	1920.9873	1155.4938	2153.0203	1225.1167
2.1978	1836.5495	2189.4705	1170.3718	1853.1116	1817.8989	2122.4773	1953.901	1100.8429	1252.2059	1185.848
2.2066	1537.9201	2142.2051	1553.504	1692.6224	1421.0662	2041.4967	1246.1092	782.6537	492.3626	1775.5354
2.2154	1024.5766	1500.4869	2165.344	2276.2775	1111.0764	1711.1058	1011.6503	865.5879	1319.9323	1544.1271
2.2242	874.4471	1506.0407	2215.5083	1827.1906	1074.7093	1443.35	2111.6852	904.3486	1837.5496	1852.0619
2.233	1748.2376	1595.6992	2682.7462	1830.8885	949.5463	1540.3235	1575.4019	1429.0188	1361.6854	1889.4287
2.2418	1696.3455	1533.47	2469.821	2196.0881	1322.3525	1415.1847	853.922	2196.1079	1357.0845	2181.3863
2.2506	1790.9739	1686.2748	1966.5182	1699.7316	1654.287	1509.372	668.3139	2467.8964	1106.3104	2725.2633
2.2594	1858.1641	2587.0484	1330.5961	1777.4528	2267.5928	2071.3503	1279.7052	1757.3613	1321.3557	2876.1616
2.2682	2014.6366	2579.6073	1644.2868	1666.8384	2407.1671	1971.9105	1932.7317	2440.7138	1983.0913	2409.4825
2.277	2079.075	2938.0199	1381.3931	2324.8782	2595.7697	1916.647	1683.1641	1977.122	2175.1699	1915.7573
2.2858	1541.5982	3478.0529	1780.3709	2208.9086	2572.2825	2151.4736	2207.7372	1242.1189	1913.5216	1938.4907
2.2946	1853.9046	2346.5944	1612.9033	2304.3641	2128.3937	1633.7762	2063.517	1796.4011	2748.1328	1789.3375
2.3034	1447.825	1662.2344	1510.7334	1668.5021	2862.1789	2613.28	2001.422	1779.7909	2443.3811	1939.2373
2.3122	1216.3759	1437.6959	1893.294	1897.1756	1790.9816	2863.045	2112.2993	1597.3923	1601.4096	2360.9484
2.321	3018.5827	1757.9637	1820.884	734.2552	1447.1935	3312.0248	2148.9415	1872.1398	2483.8452	2681.5438
2.3298	2009.5163	1443.9822	1756.2751	579.8232	1242.8113	2370.4086	1647.3195	2397.2056	2746.2126	1913.0546
2.3386	847.772	1418.8012	1784.6464	1048.8714	1679.5477	2100.0846	2427.825	1962.3993	2308.8793	1515.1388
2.3474	1181.0427	2814.7666	2239.6115	1639.3621	2018.3865	1777.1635	1828.9925	2172.644	1793.9344	1704.8016
2.3563	2189.226	2441.7798	1634.1148	2391.3537	1747.2261	1067.3944	2039.1475	1859.134	1878.1812	1362.9641
2.3651	1899.7279	2072.1146	1777.2664	2217.9126	2703.352	1396.5055	2242.969	1983.8831	1608.929	1540.7865
2.3739	1747.6708	2174.359	2757.3815	2576.4703	2889.4068	2506.7246	2804.8229	2683.5162	1483.1273	1865.6926
2.3827	1945.656	1906.3106	3071.3479	2206.0784	2626.5822	2118.797	2371.4035	2324.3548	647.3098	2211.6219
2.3915	2595.8204	2544.5811	2747.794	1653.9163	2193.3859	2791.8157	1487.032	2248.7623	1502.5755	2473.5762
2.4003	3491.6996	2385.4353	1810.602	1572.9939	1870.7957	2399.952	2473.8872	2128.232	2057.3955	2320.2142
2.4091	2905.2886	2517.9512	1771.0711	2231.8116	2186.9125	2233.918	1857.5406	2673.098	1669.0937	1821.3651
2.4179	1777.896	3013.2169	2038.6288	2305.8333	2290.3771	2137.8553	2176.6398	2445.539	1863.3748	2467.448
2.4267	2296.0802	2783.8394	2628.8914	2323.3306	2923.5112	3292.1384	2113.95	1509.8564	2207.4406	1324.8506
2.4355	3125.8933	2572.4754	1616.2383	2247.2567	2438.0814	2281.1917	1626.9447	2188.6364	2275.9124	1597.8208
2.4443	2675.525	4181.0349	2046.6166	2432.7948	1872.5567	1893.2492	1786.5968	1892.1448	1595.0031	1225.6409
2.4531	2042.5283	3268.5541	1779.1047	2799.4409	2093.4433	2447.8981	1500.448	2588.4364	2222.9407	2164.2901
2.4619	2726.6131	3527.432	1857.932	2293.2693	2559.9627	1886.7973	1783.0104	2441.844	1994.7308	1866.3332
2.4707	2511.8241	2476.8189	2116.7346	2449.4497	2367.5236	2414.2792	2767.6035	2502.7942	2424.91	1760.4695
2.4795	2634.2453	1868.0017	1999.706	2040.9466	1552.0048	2729.2625	2933.848	1805.5896	2322.0284	983.9177
2.4883	2611.1376	2103.6708	1676.7245	1983.7887	1887.6224	2862.8253	2928.1015	2245.0463	2489.8779	1457.8039
2.4971	2469.7869	1727.8393	1747.723	2389.2649	2363.6246	2682.55	1812.8575	2702.5746	1925.1054	1991.4671
2.5059	2376.2886	1396.651	2076.2576	2284.2834	1996.418	2487.2047	1528.4688	2257.6267	1531.2596	2513.0837
